              precision    recall  f1-score   support

         abk       0.97      1.00      0.99       116
         ace       1.00      0.93      0.96       108
         ach       1.00      0.91      0.95        22
         acm       0.29      0.29      0.29        93
         acr       0.98      0.91      0.94       100
         ada       0.00      0.00      0.00         1
         afb       0.21      0.19      0.20        97
         afr       0.85      0.95      0.90       109
         ahk       0.98      1.00      0.99        89
         ajp       0.25      0.37      0.30        79
         aka       0.71      0.67      0.69       100
         aln       0.89      0.86      0.87       105
         als       0.50      0.43      0.46        98
         alt       0.87      0.88      0.87        90
         amh       0.81      0.90      0.85        91
         aoj       1.00      1.00      1.00        98
         apc       0.36      0.20      0.26       109
         ara       0.33      0.39      0.36       109
         arb       0.63      0.80      0.70       118
         arg       0.79      0.85      0.82       107
         arn       1.00      0.99      1.00       115
         ary       0.38      0.28      0.32       105
         arz       0.72      0.80      0.76       121
         asm       0.81      0.83      0.82        99
         ast       0.73      0.81      0.77       100
         aym       0.70      0.54      0.61        93
         ayr       0.78      0.90      0.84       102
         azb       0.83      0.88      0.85       105
         aze       0.49      0.53      0.51       211
         azj       0.55      0.67      0.60        97
         bak       0.70      0.59      0.64       207
         bam       0.92      0.88      0.90        99
         ban       0.59      0.50      0.54       114
         bar       0.70      0.76      0.73       102
         bcl       0.39      0.34      0.36       110
         bel       0.58      0.60      0.59        88
         bem       1.00      0.99      0.99        86
         ber       0.72      0.70      0.71       106
         bew       0.70      0.65      0.67       100
         bih       0.63      0.79      0.70        82
         bik       0.47      0.61      0.53        90
         bis       0.96      0.96      0.96       117
         bjn       0.75      0.71      0.73       114
         bod       0.62      0.79      0.70        95
         bos       0.33      0.23      0.27       106
         bpy       0.82      0.80      0.81        95
         bqc       0.98      0.97      0.97        95
         bre       0.96      0.86      0.91       106
         bsb       0.74      0.70      0.72       105
         bul       0.68      0.75      0.71        95
         bzj       0.99      0.99      0.99       104
         cab       0.97      1.00      0.98        83
         cak       0.97      1.00      0.99       103
         cat       0.82      0.91      0.86       101
         cbk       0.81      0.66      0.73        92
         ceb       0.82      0.89      0.85        89
         ces       0.86      0.89      0.88       102
         che       0.98      0.99      0.99       100
         chk       1.00      1.00      1.00        90
         chv       0.93      0.83      0.88        95
         cjk       0.96      1.00      0.98        96
         ckb       0.59      0.76      0.66       102
         cmn       0.22      1.00      0.36        88
         cos       0.42      0.29      0.35       112
         crh       0.84      0.84      0.84       201
         csb       0.91      0.91      0.91        82
         csy       1.00      1.00      1.00       120
         ctu       1.00      1.00      1.00       101
         cuk       1.00      1.00      1.00        90
         cym       0.98      0.90      0.93        96
         dan       0.66      0.72      0.69        99
         deu       0.69      0.88      0.78       103
         diq       0.95      0.85      0.90        94
         div       1.00      1.00      1.00        95
         djk       0.99      1.00      0.99        87
         dtp       0.94      0.99      0.96        96
         dyu       0.88      0.94      0.91        95
         dzo       0.76      0.57      0.65       109
         ekk       0.72      0.71      0.71       110
         ell       0.98      0.42      0.59       103
         eml       0.91      0.89      0.90       111
         eng       0.30      0.68      0.42       105
         enm       0.00      0.00      0.00         4
         epo       0.89      0.94      0.92        86
         est       0.65      0.74      0.69       100
         eus       0.94      0.97      0.95        93
         ewe       0.99      0.97      0.98        95
         ext       0.94      0.83      0.88       109
         fao       0.96      0.86      0.91       109
         fas       0.37      0.19      0.25        96
         fij       0.94      0.99      0.97       102
         fil       0.57      0.45      0.50        94
         fin       0.97      0.96      0.96        96
         fon       0.94      0.94      0.94        94
         fra       0.68      0.86      0.76        92
         frr       0.93      0.89      0.91       102
         fry       0.90      0.81      0.85       114
         ful       0.93      0.90      0.91       101
         fur       0.87      0.93      0.90       106
         gcf       1.00      0.87      0.93        30
         gla       0.91      0.83      0.87       103
         gle       0.87      0.92      0.89        96
         glg       0.60      0.73      0.66        92
         glk       0.46      0.46      0.46        99
         glv       0.89      0.95      0.92        98
         gom       0.83      0.83      0.83       189
         gor       0.72      0.79      0.75        99
         grc       0.62      0.99      0.76        97
         grn       0.86      0.86      0.86       108
         gsw       0.73      0.74      0.73        87
         guc       1.00      1.00      1.00        96
         gug       0.94      0.94      0.94       108
         guj       0.76      0.66      0.71       219
         gym       1.00      0.99      0.99        92
         hat       0.66      0.66      0.66       103
         hau       0.70      0.62      0.66       216
         haw       0.85      0.69      0.76        91
         hbo       0.00      0.00      0.00         4
         hbs       0.64      0.72      0.68       208
         heb       0.74      0.73      0.73        81
         hif       0.85      0.80      0.83        92
         hil       1.00      0.19      0.32        16
         hin       0.40      0.50      0.44       199
         hmn       0.91      0.75      0.82       115
         hmo       0.94      0.99      0.97        85
         hne       0.55      0.53      0.54        99
         hnj       1.00      1.00      1.00         5
         hrv       0.29      0.32      0.30        85
         hrx       1.00      0.39      0.56        31
         hsb       0.91      0.90      0.90       105
         hui       1.00      1.00      1.00        85
         hun       0.85      0.98      0.91        91
         hus       1.00      0.99      0.99        96
         hye       0.92      0.99      0.95        84
         hyw       0.00      0.00      0.00         7
         iba       0.00      0.00      0.00         2
         ibo       0.83      0.82      0.82        94
         ido       0.95      0.92      0.93        95
         ikk       0.97      1.00      0.98        92
         iku       1.00      1.00      1.00       113
         ile       0.87      0.88      0.88       110
         ilo       0.95      0.90      0.92       116
         ina       0.72      0.76      0.74        97
         ind       0.36      0.38      0.37        87
         isl       0.84      0.95      0.89        95
         ita       0.54      0.75      0.63        93
         ixl       1.00      1.00      1.00       113
         jam       0.99      0.88      0.93       112
         jav       0.70      0.68      0.69       108
         jbo       1.00      0.98      0.99       101
         jpn       0.89      0.67      0.77        98
         kaa       0.92      0.83      0.87       216
         kab       0.62      0.72      0.67        88
         kac       0.99      1.00      1.00       107
         kal       1.00      0.99      0.99        98
         kam       0.94      0.98      0.96        87
         kan       1.00      1.00      1.00        92
         kat       0.53      0.71      0.61       209
         kaz       0.94      0.92      0.93       101
         kbd       0.99      0.94      0.97       106
         kbp       1.00      1.00      1.00       108
         kea       0.98      0.95      0.96        94
         kek       1.00      0.99      0.99        94
         khm       1.00      0.98      0.99        82
         kik       0.98      0.91      0.94        97
         kin       0.46      0.52      0.49        86
         kir       0.89      0.89      0.89       109
         kjb       0.99      1.00      0.99        93
         kjh       0.93      0.92      0.92       100
         kmb       0.97      0.99      0.98        91
         kmr       0.77      0.79      0.78        95
         knv       1.00      0.99      0.99        93
         kom       0.83      0.71      0.76       100
         kon       0.89      0.89      0.89        96
         kor       1.00      0.98      0.99        96
         kos       0.99      0.99      0.99       106
         kpg       1.00      0.99      1.00       107
         krc       0.88      0.81      0.85       118
         ksd       0.99      1.00      1.00       109
         ksh       0.88      0.84      0.86       111
         ksw       0.00      0.00      0.00         3
         kur       0.76      0.57      0.65       212
         lao       1.00      0.90      0.95       107
         lat       0.74      0.84      0.78        98
         lfn       0.79      0.87      0.83        93
         lhu       1.00      0.95      0.97        39
         lij       0.85      0.87      0.86        98
         lim       0.76      0.73      0.75        97
         lin       0.94      0.90      0.92        99
         lit       0.92      0.95      0.93       110
         lmo       0.86      0.76      0.80        87
         ltz       0.44      0.66      0.53        96
         lua       0.98      1.00      0.99        97
         lue       0.00      0.00      0.00         4
         lug       0.96      0.93      0.95       104
         luo       0.99      0.99      0.99       107
         lus       0.98      0.99      0.98        95
         lvs       0.91      0.98      0.94       102
         lzh       0.00      0.00      0.00       101
         mad       0.50      0.64      0.56       106
         mah       0.00      0.00      0.00         4
         mai       0.74      0.61      0.67       119
         mal       1.00      1.00      1.00        86
         mam       1.00      0.97      0.99       109
         mar       0.69      0.78      0.73        95
         mau       1.00      1.00      1.00       104
         mco       1.00      1.00      1.00       108
         meu       0.99      0.96      0.98       113
         mgh       0.97      1.00      0.98        90
         mhr       0.86      0.91      0.88        99
         min       0.89      0.93      0.91        88
         mkd       0.78      0.73      0.75        99
         mlg       0.65      0.72      0.68       109
         mlt       0.77      0.81      0.79        99
         mon       0.96      0.90      0.93       193
         mos       0.96      1.00      0.98        92
         mps       1.00      1.00      1.00        89
         mri       0.74      0.57      0.64       102
         msa       0.51      0.37      0.43       107
         mwl       0.92      0.91      0.92       103
         mya       0.97      0.99      0.98        96
         myv       0.79      0.91      0.84       108
         mzh       1.00      0.99      0.99        99
         mzn       0.66      0.78      0.72        94
         nap       0.91      0.79      0.85       114
         naq       0.99      1.00      1.00       111
         nav       1.00      1.00      1.00        93
         nbl       0.59      0.63      0.61        98
         nch       1.00      1.00      1.00        98
         ncj       1.00      1.00      1.00        86
         nde       0.47      0.44      0.45        82
         ndo       0.99      0.98      0.99       103
         nds       0.76      0.74      0.75       106
         nep       0.59      0.71      0.64        89
         new       0.88      0.92      0.90       115
         ngl       0.00      0.00      0.00         3
         ngu       1.00      1.00      1.00       101
         niu       0.00      0.00      0.00         1
         nld       0.69      0.82      0.75       106
         nnb       1.00      1.00      1.00       108
         nno       0.72      0.79      0.75        87
         nob       0.50      0.54      0.52       101
         nor       0.52      0.39      0.45        99
         npi       0.84      0.76      0.80       112
         nso       0.73      0.85      0.79        95
         nya       0.78      0.58      0.66        99
         nyu       0.96      0.98      0.97        90
         oci       0.76      0.60      0.67        92
         ori       0.87      0.52      0.65       101
         orm       0.96      0.97      0.97       101
         ory       0.63      0.91      0.75        89
         oss       0.89      0.91      0.90        93
         ote       0.99      1.00      0.99        91
         pag       0.92      0.87      0.89       106
         pam       0.56      0.58      0.57        99
         pan       1.00      1.00      1.00       119
         pap       0.97      0.98      0.98       120
         pcd       0.78      0.87      0.82       103
         pcm       0.83      0.81      0.82       112
         pes       0.44      0.40      0.42       104
         pfl       0.76      0.88      0.82        83
         pis       1.00      0.91      0.95        34
         pls       1.00      0.99      0.99        80
         plt       0.92      0.72      0.81       130
         pms       0.94      0.86      0.90        94
         pnb       0.80      0.75      0.77       109
         poh       1.00      0.99      1.00       115
         pol       0.84      0.93      0.88        87
         pon       0.98      1.00      0.99        95
         por       0.73      0.79      0.76        97
         prs       0.54      0.72      0.62        95
         pus       0.77      0.78      0.77       105
         qub       0.00      0.00      0.00         6
         quc       0.95      0.99      0.97       107
         que       0.80      0.55      0.65        93
         quh       0.99      0.98      0.98        84
         quw       0.97      0.99      0.98       101
         quy       0.78      0.95      0.86        87
         quz       0.00      0.00      0.00         1
         qvi       0.97      0.98      0.98       113
         rap       0.84      0.76      0.79        41
         rmy       0.82      0.84      0.83       101
         roh       0.90      0.94      0.92       107
         ron       0.65      0.88      0.75        95
         rop       1.00      1.00      1.00        86
         rue       0.62      0.75      0.68        81
         rug       0.99      1.00      0.99        95
         run       0.63      0.70      0.66        98
         sag       0.98      0.97      0.98       108
         sah       0.98      0.90      0.94       106
         san       0.84      0.80      0.82       113
         sat       1.00      0.99      0.99        94
         scn       0.76      0.72      0.74       113
         sco       0.45      0.67      0.53       109
         seh       0.95      0.92      0.93        98
         sgs       0.97      0.92      0.95       104
         sin       1.00      0.99      0.99        89
         slk       0.83      0.82      0.83       101
         slv       0.74      0.78      0.76        90
         sme       0.98      0.92      0.95       104
         smo       0.84      0.68      0.75        98
         sna       0.54      0.38      0.45       102
         snd       0.73      0.94      0.82        98
         som       0.70      0.51      0.59       205
         sot       0.70      0.48      0.57       105
         spa       0.55      0.59      0.57       101
         sqi       0.56      0.57      0.56        97
         srd       0.84      0.65      0.73       110
         srm       1.00      1.00      1.00        98
         srn       0.99      0.99      0.99        86
         srp       0.46      0.47      0.46       193
         ssw       0.94      0.94      0.94       108
         sun       0.62      0.41      0.49       107
         suz       0.96      0.95      0.95       116
         swa       0.58      0.52      0.55       114
         swc       0.70      0.73      0.72       111
         swe       0.87      0.91      0.89       115
         swh       0.51      0.51      0.51       102
         szl       0.98      0.86      0.92        95
         tah       0.90      0.84      0.87       108
         tam       1.00      1.00      1.00       103
         tat       0.64      0.65      0.64       210
         tbz       1.00      0.97      0.98        94
         tca       1.00      1.00      1.00        91
         tdt       0.96      0.99      0.97        77
         teo       0.00      0.00      0.00         2
         tgk       0.43      0.41      0.42       288
         tgl       0.59      0.51      0.55       104
         tha       1.00      0.99      0.99        96
         tir       0.90      0.80      0.85        96
         tlh       0.98      1.00      0.99        94
         tls       0.86      0.89      0.88        95
         toj       1.00      0.98      0.99       107
         tok       0.98      1.00      0.99       111
         ton       0.81      0.86      0.84        92
         top       1.00      1.00      1.00        95
         tpi       0.99      0.96      0.97        93
         tsn       0.74      0.70      0.72        99
         tso       0.98      0.99      0.99       110
         tuc       1.00      1.00      1.00       115
         tuk       0.84      0.85      0.84       163
         tum       0.91      0.89      0.90        94
         tur       0.77      0.83      0.80        96
         twi       0.71      0.68      0.69        99
         tyv       0.96      0.78      0.86       120
         tzo       0.98      1.00      0.99        97
         udm       0.83      0.89      0.86       102
         uig       0.79      0.81      0.80       200
         ukr       0.75      0.78      0.77        96
         umb       0.97      1.00      0.99       101
         urd       0.44      0.54      0.48        95
         uzb       0.59      0.59      0.59       209
         uzn       0.53      0.57      0.55       108
         vec       0.55      0.56      0.55        91
         ven       0.99      0.90      0.94        97
         vep       0.95      0.93      0.94        97
         vie       0.96      0.96      0.96        75
         vls       0.86      0.80      0.83       101
         vol       0.94      0.99      0.96        97
         wal       0.98      0.98      0.98       112
         war       0.80      0.52      0.63        99
         wbm       0.00      0.00      0.00         1
         wln       0.58      0.78      0.66        89
         wol       0.68      0.83      0.75        92
         wuu       0.33      0.18      0.23       116
         xav       1.00      1.00      1.00       108
         xho       0.61      0.49      0.54       102
         xmf       0.75      0.57      0.64       104
         yao       0.99      1.00      0.99        96
         yap       1.00      1.00      1.00        94
         yid       0.77      0.80      0.79        92
         yom       0.94      0.98      0.96       106
         yor       0.94      0.76      0.84       104
         yue       0.48      0.19      0.28       118
         zai       0.99      0.99      0.99       111
         zea       0.81      0.71      0.75        89
         zho       0.50      0.08      0.13       105
         zlm       0.78      0.83      0.81       120
         zsm       0.37      0.52      0.43        82
         zul       0.45      0.40      0.42        93

    accuracy                           0.80     38020
   macro avg       0.78      0.78      0.77     38020
weighted avg       0.80      0.80      0.79     38020
